url,status,type,bytes,sha256
https://www.bcm-storage.com/,200,text/html,26341,f12ff0024bec701cff230048cfa641f324e51d5f3449a71190457b0387659512
https://www.bcm-storage.com/pages/rent,200,text/html,47794,0ffc2370c003f83d9582ae1e249e13ae6bc6b8790a0f9b3986cd2996b6d1e20b
https://www.bcm-storage.com/pages/layout,200,text/html,107827,a3e7c1fc579a9b30b37a8aece1177c796f520f7b94b0426cab72ab4fdf9f6c41
https://www.bcm-storage.com/pages/tenantprotection,200,text/html,24321,7c2f5f9016bab65572e4cd04e749915b1ee62c01e7f82674fcea3e640100f18a
https://www.bcm-storage.com/pages/contact,200,text/html,23645,53a2a86ddd1e183eba4cb6db8bdc4efae2be01d6b947ab91dd11f5abc0c105b9
https://www.bcm-storage.com/waiting_list?unit_type_id=112446&amp;widget_id=123478,200,text/html,24811,636a2d4ece204b88f1a4ffdd38049b4c49a99617f38cbebcbdf349d4444303fe
https://www.bcm-storage.com/apple-touch-icon.png,200,image/png,10078,e9cdfa74fb7b26e75d7187926c08fc6c299452e22177d971898177f299a8cc6c
https://www.bcm-storage.com/favicon.ico,200,image/vnd.microsoft.icon,25254,38ac8bbdd27d2f543f9829202de401e518ae2bcc9ca691ef61b0164d32031bff
https://www.bcm-storage.com/favicon-48x48.png,200,image/png,2765,fcc828b1529c068e064eb5af617bf6053c6c35bd35ab40858518df41dd6e09ca
https://www.bcm-storage.com/favicon-32x32.png,200,image/png,1537,e0acdaf42afa4451884ee7aaa28dcc92ab7e760a0a77dbe4f73448334b01971b
https://www.bcm-storage.com/favicon-16x16.png,200,image/png,690,341eeee2690c1fa8e2f29860e05b2c67fb8ccd9ab8f0c24c2b13a54d9159707f
https://www.bcm-storage.com/favicon-192x192.png,200,image/png,10973,e2196bca3e255d1b4ef7e45618c1269780d11cef96ba99ffdedb2646934154e0
https://www.bcm-storage.com/site.webmanifest,406,,0,
https://www.bcm-storage.com/safari-pinned-tab.svg,200,image/svg+xml,855,a641e2668d0ebdc3dc4a8e6f3ad354c489145e866d23ae53bc4c1f1c0baef674
https://www.bcm-storage.com/assets/visitor_and_tenant_bundle-b73fbcdabb13e65a01ba2b47159911d3310564e12b8d309fcf7b39720a540852.css,200,text/css,275572,bb7b1e548ed5fe7a7e6c17a56c48c85f6b6338a53728c0a0783741dbcdb5413f
https://storageunitsoftware-assets.s3.amazonaws.com/uploads/site/logo/10244/Logo.png,200,image/png,10455,a1aa0a177485679355ebd07351399a34ad7458cd7c7c7dbc48d470708070caa0
https://www.bcm-storage.com/cdn-cgi/scripts/5c5dd728/cloudflare-static/email-decode.min.js,200,application/javascript,1239,2595496fe48df6fcf9b1bc57c29a744c121eb4dd11566466bc13d2e52e6bbcc8
https://www.bcm-storage.com/cdn-cgi/scripts/7d0fa10a/cloudflare-static/rocket-loader.min.js,200,application/javascript,12332,ccf00d1923b0131a10e0c6d26f95e5dee6ebf8621a27e83c5a2f68a2e0093142
https://www.bcm-storage.com/cdn-cgi/challenge-platform/scripts/jsd/main.js,200,application/javascript,20877,c37d12476beed2a0d3f4d54c72d0a803f90a60ca55acfa1056a0f7b71cb98d29
https://www.bcm-storage.com/assets/visitor_bundle-1aca028b3319e731e4d145cc1f053e6215f8f4399c727f1a9d58627bcf9e99f2.js,200,application/javascript,383334,fa0395a0f5f3f5f5d45d24ff97be66eefad08beaab78e7f6e2e7b837d0dd3d2e
https://storageunitsoftware-assets.s3.amazonaws.com/uploads/widget_image/image/80345/BCM4.jpg,200,image/jpeg,2484791,5fef85a584cf67a59125f76c87f74dda7ecfde21b2e0e99bd70a132d3c8e89fe
https://storageunitsoftware-assets.s3.amazonaws.com/uploads/unit_type/image/112444/small_5x10.png,200,image/png,25967,76419f1e25f696e8f2f5adcca1a24876dd168dda8c5e19e72b68e7c7ba2f9290
https://storageunitsoftware-assets.s3.amazonaws.com/uploads/unit_type/image/112445/small_10x10.png,200,image/png,26268,1d3d17880a54841b43e69c00b8f2429fd92aadbd0480d1588b883217559bb28d
https://storageunitsoftware-assets.s3.amazonaws.com/uploads/unit_type/image/112446/small_12x25.png,200,image/png,24489,009609311d7a724fe33bf35e92ae46e161ce3bbf5eeab549d840357f4b954076
https://storageunitsoftware-assets.s3.amazonaws.com/uploads/unit_type/image/112447/small_12x36.png,200,image/png,22468,4a3e44577bcb6930f6e0f5d5165e3ac2b12750503c8e46af85d30017919e68aa
https://storageunitsoftware-assets.s3.amazonaws.com/uploads/unit_type/image/112448/small_14x45.jpg,200,image/jpeg,6494,d97ca3081e7ff353d03704129db3045e046b9e573055d177dfa062a565929079
https://storageunitsoftware-assets.s3.amazonaws.com/uploads/unit_type/image/112853/small_Outdoor_Parking.jpg,200,image/jpeg,7487,d9c048de5cbba47cb7aef32f8be2d3014df9a3f2e5a621199a93895f8090eb1b
https://storageunitsoftware-assets.s3.amazonaws.com/uploads/widget_image/image/79177/TPP-circle-lock.png,200,image/png,62151,571acf1afdbb7c6f5611e545087cdd18321d09132a896e10ca124c53ce9ef140
https://storageunitsoftware-assets.s3.amazonaws.com/uploads/widget_image/image/1668/small_Artboard_2.png,200,image/png,12171,d837c162c9d7e9a4c6b34a8c2221dced064b80c5d820de3a1c2794e5fd8d3ab6
https://storageunitsoftware-assets.s3.amazonaws.com/uploads/widget_image/image/1669/small_Fine.png,200,image/png,3948,494cb7f0deefa303406967609d10020d216c395049574d002a9dbd1ecd03d435
https://www.bcm-storage.com/assets/fontawesome-webfont-ab48303af338f909f2b00197930617e78757aa05fe25a2e4c2b79743aef3d252.eot,406,,0,
https://www.bcm-storage.com/assets/fontawesome-webfont-38af9ab8e8340ebba0182e7f6c9ec81038a1fcc162de3393a51bbb9a4153259d.woff2,200,application/font-woff2,77160,2adefcbc041e7d18fcf2d417879dc5a09997aa64d675b7a3c4b6ce33da13f3fe
https://www.bcm-storage.com/assets/fontawesome-webfont-a59f843b55ac195f9f654415c4b63d7936df8d3b8ff70e6a5798007bbcc0733a.woff,200,application/font-woff,98024,ba0c59deb5450f5cb41b3f93609ee2d0d995415877ddfa223e8a8a7533474f07
https://www.bcm-storage.com/assets/fontawesome-webfont-bfd12acc5442a32d63b289c2466d1ae5d13bb2c4be76703b28e25ade7f602532.ttf,200,application/octet-stream,165548,aa58f33f239a0fb02f5c7a6c45c043d7a9ac9a093335806694ecd6d4edc0d6a8
https://www.bcm-storage.com/assets/fontawesome-webfont-943c0380c1e1c7d9e167602b295fbafb8dd6c65cc0bab582edd83a01b08ed44f.svg#fontawesomeregular,200,image/svg+xml,444379,ad6157926c1622ba4e1d03d478f1541368524bfc46f51e42fe0d945f7ef323e4
https://www.bcm-storage.com/assets/sample-units-0a4eb9e1f3618ceb15e9d2356c42eeb22fb97953b6f8f2a554e9be198b28086d.jpg,200,image/jpeg,113877,d734f007ad551c8be31554172c1e7a61b04692cc151565e7c2d24b1635829676
